Instance nCons nVars GLB GUB NodeCounter Time
1 1000 1000 51.617 51.6174 5 3.12942 4 4 1 1
2 1000 1000 144.12 144.395 4 2.67786 3 2 1 1
3 1000 1000 90.2501 90.2503 5 3.15116 4 3 1 1
4 1000 1000 148.423 148.423 11 6.11221 8 4 1 1
5 1000 1000 59.9233 59.929 5 3.2644 4 4 1 1
6 1000 1000 32.9522 32.9531 2 2.10467 4 3 1 1
7 1000 1000 102.825 102.829 6 3.76213 4 4 1 1
8 1000 1000 166.304 166.305 3 2.50173 3 2 1 1
9 1000 1000 54.4327 54.2925 5 3.1632 4 3 1 1
10 1000 1000 81.8282 81.861 2 2.11627 4 3 1 1
1 2000 1000 129.445 129.454 3 5.20282 3 2 1 1
2 2000 1000 137.868 137.87 3 4.87813 3 2 1 1
3 2000 1000 56.4693 56.4847 5 7.18332 5 4 1 1
4 2000 1000 43.1089 43.109 4 6.89885 5 3 1 1
5 2000 1000 63.3882 63.3887 9 11.9004 9 6 1 1
6 2000 1000 88.3398 88.3436 7 8.75005 5 4 1 1
7 2000 1000 57.3248 57.3251 2 4.77749 4 3 1 1
8 2000 1000 70.3999 70.4109 4 5.79664 3 2 1 1
9 2000 1000 47.0462 47.0463 9 11.8826 10 4 1 1
10 2000 1000 49.9136 49.9138 6 8.54227 8 4 1 1
1 3000 1000 41.1282 41.1351 4 9.71243 4 4 1 1
2 3000 1000 86.965 86.9668 7 13.8909 5 4 1 1
3 3000 1000 158.162 159.999 2 5.99129 2 2 1 1
4 3000 1000 89.814 89.8344 4 8.82558 3 3 1 1
5 3000 1000 46.5886 46.5894 5 11.9858 5 3 1 1
6 3000 1000 34.6907 34.6918 4 9.82898 5 3 1 1
7 3000 1000 96.8235 96.8421 4 8.71567 3 2 1 1
8 3000 1000 138.554 138.556 9 15.9553 7 4 1 1
9 3000 1000 55.3367 55.337 6 13.1011 6 5 1 1
10 3000 1000 117.52 117.522 8 14.4171 5 3 1 1
1 4000 1000 78.1779 80.3743 2 8.26488 2 2 1 1
2 4000 1000 37.2404 37.2405 10 25.6353 9 6 1 1
3 4000 1000 132.069 132.069 3 10.6242 3 3 1 1
4 4000 1000 57.2823 57.4906 2 9.85348 4 3 1 1
5 4000 1000 36.7791 36.7795 6 17.9864 7 3 1 1
6 4000 1000 69.1903 69.2441 3 11.6821 4 4 1 1
7 4000 1000 75.1689 75.1721 4 12.6378 4 3 1 1
8 4000 1000 74.5649 74.5674 6 15.8647 4 4 1 1
9 4000 1000 46.3607 46.3086 5 14.6888 4 4 1 1
10 4000 1000 65.3565 65.3577 7 20.0725 6 4 1 1
1 1500 1500 59.3525 59.3582 8 11.5104 5 4 1 1
2 1500 1500 115.871 115.912 5 8.43405 4 3 1 1
3 1500 1500 69.9307 69.9308 11 15.209 11 8 1 1
4 1500 1500 115.497 115.858 4 6.79245 3 3 1 1
5 1500 1500 63.1504 63.1509 7 11.8744 8 5 1 1
6 1500 1500 140.737 143.963 1 3.91844 3 2 1 1
7 1500 1500 91.8267 91.8305 3 6.67435 3 3 1 1
8 1500 1500 175.948 175.949 10 15.9026 12 8 1 1
9 1500 1500 65.4165 65.5087 6 9.54977 4 4 1 1
10 1500 1500 50.7661 50.769 6 9.89782 6 6 1 1
1 3000 1500 107.783 107.79 7 22.378 5 4 1 1
2 3000 1500 99.84 99.8425 6 20.9434 6 5 1 1
3 3000 1500 59.0977 59.0979 6 21.6695 7 4 1 1
4 3000 1500 21.9927 21.9928 11 36.2265 11 5 1 1
5 3000 1500 108.332 108.578 3 13.8773 4 4 1 1
6 3000 1500 109.838 109.838 8 27.5486 10 6 1 1
7 3000 1500 26.234 26.234 11 33.648 11 6 1 1
8 3000 1500 73.2856 73.2896 7 23.7885 6 5 1 1
9 3000 1500 53.8045 53.9962 2 12.6292 4 4 1 1
10 3000 1500 33.8392 33.8422 5 19.1902 5 4 1 1
1 4500 1500 76.8652 76.8735 4 24.8588 3 2 1 1
2 4500 1500 146.418 146.419 3 19.6407 3 3 1 1
3 4500 1500 81.546 81.5464 7 37.4015 5 4 1 1
4 4500 1500 15.8749 15.875 12 55.5203 7 5 1 1
5 4500 1500 55.5328 55.54 6 30.5931 4 4 1 1
6 4500 1500 91.2091 91.2093 6 32.0554 6 4 1 1
7 4500 1500 24.3971 24.3971 8 46.9339 10 5 1 1
8 4500 1500 87.2642 87.29 2 20.2428 4 2 1 1
9 4500 1500 46.1448 46.1466 4 24.1734 5 3 1 1
10 4500 1500 154.915 154.931 4 23.349 3 3 1 1
1 6000 1500 114.782 114.789 4 31.5133 3 2 1 1
2 6000 1500 95.6416 96.8725 2 20.9674 2 2 1 1
3 6000 1500 74.1727 74.1751 4 35.6815 5 3 1 1
4 6000 1500 58.3085 58.3128 5 37.8295 4 4 1 1
5 6000 1500 95.9479 95.9482 5 37.6626 4 4 1 1
6 6000 1500 87.2505 87.3056 4 31.7703 3 2 1 1
7 6000 1500 39.4458 39.4813 3 28.6539 3 2 1 1
8 6000 1500 78.76 78.7623 6 43.2925 4 3 1 1
9 6000 1500 55.0681 55.0686 3 31.5597 5 4 1 1
10 6000 1500 91.7344 91.7348 6 44.8756 6 4 1 1
1 2000 2000 80.7052 80.7161 4 14.6287 5 3 1 1
2 2000 2000 97.4346 97.4494 7 21.7966 6 4 1 1
3 2000 2000 65.6844 66.1472 3 12.211 4 4 1 1
4 2000 2000 68.2645 70.4633 1 8.26907 3 2 1 1
5 2000 2000 114.722 114.723 6 16.7033 4 4 1 1
6 2000 2000 69.9637 69.9642 5 15.592 4 3 1 1
7 2000 2000 98.6815 98.6832 7 21.1242 6 4 1 1
8 2000 2000 59.1464 59.1473 9 25.8845 10 7 1 1
9 2000 2000 127.95 127.951 4 14.5147 5 3 1 1
10 2000 2000 163.572 163.6 4 12.6019 3 2 1 1
1 4000 2000 79.9099 79.91 7 48.4136 8 5 1 1
2 4000 2000 27.1279 27.1289 6 43.6628 7 5 1 1
3 4000 2000 37.2564 37.2565 9 53.9503 7 5 1 1
4 4000 2000 28.4125 28.4127 8 49.7576 7 5 1 1
5 4000 2000 72.3165 72.3166 7 44.6973 5 3 1 1
6 4000 2000 40.4248 40.4256 5 34.8677 4 3 1 1
7 4000 2000 116.461 116.462 7 45.8414 5 4 1 1
8 4000 2000 99.0751 99.0781 8 47.3546 5 5 1 1
9 4000 2000 35.3131 35.3131 7 48.9913 9 4 1 1
10 4000 2000 47.2392 47.2394 7 55.588 11 7 1 1
1 6000 2000 75.6686 75.6693 4 49.3135 4 3 1 1
2 6000 2000 104.291 104.293 7 68.9223 5 5 1 1
3 6000 2000 66.3705 66.3727 7 70.7982 5 5 1 1
4 6000 2000 42.4955 42.5014 8 71.7056 5 5 1 1
5 6000 2000 88.3855 88.3882 4 45.9528 4 4 1 1
6 6000 2000 82.1141 82.117 8 73.1101 5 4 1 1
7 6000 2000 44.712 44.7176 4 50.6057 4 3 1 1
8 6000 2000 72.5058 72.5067 5 51.7437 4 3 1 1
9 6000 2000 44.1364 44.1365 11 99.1484 8 6 1 1
10 6000 2000 55.7983 55.7987 5 61.5374 7 6 1 1
1 8000 2000 70.4447 70.4638 4 61.0706 3 2 1 1
2 8000 2000 100.242 100.242 4 70.9202 5 2 1 1
3 8000 2000 49.2377 49.2381 5 77.6733 5 4 1 1
4 8000 2000 64.2883 64.2884 3 62.0252 5 3 1 1
5 8000 2000 26.3838 26.384 5 80.3276 7 3 1 1
6 8000 2000 38.9774 38.9776 3 58.5831 5 4 1 1
7 8000 2000 110.014 110.014 7 96.6696 6 4 1 1
8 8000 2000 49.8209 49.8229 4 67.9294 5 4 1 1
9 8000 2000 53.65 53.6511 6 91.794 6 5 1 1
10 8000 2000 39.8637 39.8641 5 75.855 4 3 1 1
1 2500 2500 79.422 79.7609 2 16.7643 4 3 1 1
2 2500 2500 68.197 68.2485 4 21.5447 3 3 1 1
3 2500 2500 101.372 101.373 10 43.2158 6 4 1 1
4 2500 2500 55.7262 55.7351 4 24.5722 5 3 1 1
5 2500 2500 51.4809 51.481 10 49.6343 12 7 1 1
6 2500 2500 29.6526 29.6532 9 41.0737 7 4 1 1
7 2500 2500 35.0419 35.0431 5 25.7597 4 3 1 1
8 2500 2500 128.981 128.988 8 35.9248 5 5 1 1
9 2500 2500 112.619 112.622 3 20.0115 3 2 1 1
10 2500 2500 148.708 148.764 4 22.1717 3 2 1 1
1 5000 2500 93.4843 93.486 4 54.3421 5 3 1 1
2 5000 2500 142.706 142.71 6 66.6238 4 3 1 1
3 5000 2500 65.1594 65.1628 4 49.0932 4 3 1 1
4 5000 2500 48.8767 50.7078 1 28.3851 3 2 1 1
5 5000 2500 53.6957 53.6961 8 78.1566 7 7 1 1
6 5000 2500 62.1521 62.1537 4 50.1244 4 3 1 1
7 5000 2500 78.067 78.0698 5 59.2209 5 4 1 1
8 5000 2500 46.9492 46.9493 5 55.884 4 3 1 1
9 5000 2500 48.4181 48.4203 6 71.6787 7 2 1 1
10 5000 2500 79.0007 79.0009 7 70.0453 5 4 1 1
1 7500 2500 27.7849 27.7873 5 89.1367 5 3 1 1
2 7500 2500 107.151 107.151 4 76.1763 3 2 1 1
3 7500 2500 162.193 162.193 5 91.2782 5 4 1 1
4 7500 2500 68.3958 68.3832 7 105.453 5 4 1 1
5 7500 2500 36.4303 36.4306 7 111.445 6 5 1 1
6 7500 2500 153.057 153.062 2 62.6219 4 2 1 1
7 7500 2500 51.1338 51.1354 7 107.673 5 5 1 1
8 7500 2500 102.577 102.584 6 100.808 4 3 1 1
9 7500 2500 73.3769 73.3782 7 110.59 5 5 1 1
10 7500 2500 29.3158 29.3238 3 66.5545 4 2 1 1
1 10000 2500 57.6261 57.6266 10 197.619 6 5 1 1
2 10000 2500 106.994 106.995 6 137.594 5 3 1 1
3 10000 2500 39.2535 39.2542 7 155.137 5 4 1 1
4 10000 2500 156.343 156.355 4 94.5314 3 2 1 1
5 10000 2500 158.835 158.839 5 123.051 5 3 1 1
6 10000 2500 41.3139 41.314 3 99.2412 5 4 1 1
7 10000 2500 34.8448 34.8475 4 113.281 5 4 1 1
8 10000 2500 81.5198 81.5207 7 144.382 5 4 1 1
9 10000 2500 52.718 52.7215 4 104.649 4 3 1 1
10 10000 2500 43.031 43.22 3 86.8363 3 3 1 1
1 3000 3000 157.655 157.655 8 52.6197 5 3 1 1
2 3000 3000 71.3288 71.3293 6 49.8321 6 5 1 1
3 3000 3000 67.886 67.8867 5 42.8329 4 4 1 1
4 3000 3000 47.2453 47.2661 5 38.9351 4 3 1 1
5 3000 3000 40.589 40.5891 9 64.7563 7 7 1 1
6 3000 3000 57.4169 57.4314 4 34.0597 3 2 1 1
7 3000 3000 37.752 37.7562 5 39.3312 4 4 1 1
8 3000 3000 138.91 138.919 4 32.437 3 2 1 1
9 3000 3000 55.3402 55.3506 7 49.2638 6 5 1 1
10 3000 3000 66.5929 66.5932 4 33.3678 3 3 1 1
1 6000 3000 77.0731 77.0732 9 124.064 6 5 1 1
2 6000 3000 24.4425 24.4425 8 130.577 10 7 1 1
3 6000 3000 37.4389 37.4389 7 118.43 7 6 1 1
4 6000 3000 47.8091 47.8124 4 74.552 4 3 1 1
5 6000 3000 74.338 74.4844 4 71.1377 3 3 1 1
6 6000 3000 97.0677 97.068 7 107.612 6 4 1 1
7 6000 3000 39.8949 39.9024 7 111.24 6 6 1 1
8 6000 3000 58.0545 58.0561 6 97.5777 5 5 1 1
9 6000 3000 79.2158 79.2173 4 73.7324 3 2 1 1
10 6000 3000 57.6763 57.6764 9 130.023 6 5 1 1
1 9000 3000 84.7838 84.7851 3 99.2738 4 3 1 1
2 9000 3000 24.7325 24.7331 5 128.03 4 3 1 1
3 9000 3000 93.2736 93.2777 3 100.544 4 3 1 1
4 9000 3000 58.2129 58.213 9 211.636 6 5 1 1
5 9000 3000 89.338 89.3384 3 100.368 4 2 1 1
6 9000 3000 81.8039 81.8079 4 110.648 4 3 1 1
7 9000 3000 30.4508 30.4513 8 169.017 5 5 1 1
8 9000 3000 31.4463 31.4464 7 188.777 7 5 1 1
9 9000 3000 34.8656 34.8683 6 155.675 6 6 1 1
10 9000 3000 39.9675 39.9682 3 106.282 5 3 1 1
1 12000 3000 77.804 77.8045 5 171.38 4 3 1 1
2 12000 3000 18.3203 18.3206 7 220.082 5 5 1 1
3 12000 3000 132.223 133.693 1 86.4371 3 2 1 1
4 12000 3000 63.2426 63.2437 4 160.414 4 3 1 1
5 12000 3000 74.6444 74.6662 6 190.025 4 4 1 1
6 12000 3000 73.1101 73.1165 4 144.85 3 2 1 1
7 12000 3000 27.8666 27.8667 8 274.28 7 5 1 1
8 12000 3000 120.283 120.289 4 158.539 3 3 1 1
9 12000 3000 23.758 23.7581 6 216.15 6 4 1 1
10 12000 3000 24.3232 25.3775 1 86.8123 3 2 1 1
