Instance nCons nVars GLB GUB NodeCounter Time
1 1000 1000 112.315 112.335 4 2.83201 3 3 1 1
2 1000 1000 138.184 138.195 4 3.10151 5 3 1 1
3 1000 1000 90.2501 90.2503 5 3.19487 4 3 1 1
4 1000 1000 112.963 112.963 5 3.82766 6 5 1 1
5 1000 1000 59.9233 59.929 5 3.21329 4 4 1 1
6 1000 1000 32.9522 32.9531 2 2.16955 4 3 1 1
7 1000 1000 82.0056 82.0446 6 3.5251 4 3 1 1
8 1000 1000 68.9922 69.0259 6 3.6867 4 3 1 1
9 1000 1000 54.4327 54.2925 5 2.99904 4 3 1 1
10 1000 1000 111.726 112.375 3 2.49913 3 3 1 1
1 2000 1000 69.0728 69.0734 9 10.6253 6 5 1 1
2 2000 1000 137.868 137.87 3 4.88575 3 2 1 1
3 2000 1000 96.8477 96.8526 5 6.83395 4 3 1 1
4 2000 1000 51.7804 51.7815 4 5.95211 4 3 1 1
5 2000 1000 50.0608 50.0661 5 6.83844 4 2 1 1
6 2000 1000 88.3398 88.3436 7 8.38154 5 4 1 1
7 2000 1000 70.1627 70.1628 6 8.16443 7 3 1 1
8 2000 1000 38.2329 38.2339 8 11.2206 8 3 1 1
9 2000 1000 61.9318 61.9359 4 6.80125 5 3 1 1
10 2000 1000 49.9136 49.9138 6 8.58241 8 4 1 1
1 3000 1000 41.1282 41.1351 4 9.93724 4 4 1 1
2 3000 1000 115.104 115.11 8 14.0435 5 5 1 1
3 3000 1000 39.8323 39.8594 5 10.676 4 2 1 1
4 3000 1000 48.6402 48.6419 5 10.6777 5 4 1 1
5 3000 1000 34.1135 34.1137 7 13.481 5 3 1 1
6 3000 1000 76.5706 76.5721 5 12.2406 7 4 1 1
7 3000 1000 96.8235 96.8421 4 9.21608 3 2 1 1
8 3000 1000 70.0259 70.0301 4 9.80615 5 3 1 1
9 3000 1000 127.585 127.59 6 12.1046 4 4 1 1
10 3000 1000 31.0775 31.0786 7 14.4088 5 5 1 1
1 4000 1000 88.6638 88.68 4 12.7096 3 2 1 1
2 4000 1000 37.2404 37.2405 10 27.2134 9 6 1 1
3 4000 1000 111.083 111.159 4 11.9466 3 3 1 1
4 4000 1000 45.1057 45.1062 4 14.3213 5 5 1 1
5 4000 1000 99.6419 99.644 6 20.1651 7 4 1 1
6 4000 1000 64.2335 64.237 4 13.9643 4 3 1 1
7 4000 1000 30.2377 30.2416 4 15.7423 7 4 1 1
8 4000 1000 47.763 47.7654 3 10.8916 5 4 1 1
9 4000 1000 100.927 100.93 3 10.7036 4 2 1 1
10 4000 1000 40.6205 40.6208 6 17.5863 5 4 1 1
1 1500 1500 59.3525 59.3582 8 11.0802 5 4 1 1
2 1500 1500 160.747 160.775 7 10.6667 6 5 1 1
3 1500 1500 86.8857 86.8896 4 8.15367 5 3 1 1
4 1500 1500 144.428 144.454 6 9.15116 4 3 1 1
5 1500 1500 63.1504 63.1509 7 11.8937 8 5 1 1
6 1500 1500 44.6828 44.7038 2 5.19476 4 2 1 1
7 1500 1500 91.8267 91.8305 3 6.25727 3 3 1 1
8 1500 1500 101.812 102.455 2 5.56652 5 3 1 1
9 1500 1500 106.643 106.703 6 9.92565 7 6 1 1
10 1500 1500 34.8313 34.8356 8 11.794 8 7 1 1
1 3000 1500 30.573 30.5766 4 16.0329 5 5 1 1
2 3000 1500 137.169 140.148 2 10.7367 2 2 1 1
3 3000 1500 40.4416 40.5505 2 12.424 4 4 1 1
4 3000 1500 27.7569 27.7579 7 23.0567 5 5 1 1
5 3000 1500 44.6592 44.6599 7 23.2757 6 5 1 1
6 3000 1500 20.853 20.8572 4 15.639 3 3 1 1
7 3000 1500 65.4087 65.4101 8 28.6209 8 5 1 1
8 3000 1500 60.064 60.0666 5 17.2661 4 4 1 1
9 3000 1500 59.6038 59.6432 4 15.12 3 3 1 1
10 3000 1500 33.8392 33.8422 5 18.7099 5 4 1 1
1 4500 1500 41.964 41.9646 4 24.7601 4 3 1 1
2 4500 1500 52.6936 52.702 5 28.0351 4 4 1 1
3 4500 1500 152.778 152.784 8 38.5241 5 4 1 1
4 4500 1500 43.6302 43.6303 7 36.2957 7 6 1 1
5 4500 1500 52.8229 52.8333 8 37.3225 5 5 1 1
6 4500 1500 22.1863 22.1905 3 20.2728 3 2 1 1
7 4500 1500 53.9336 53.9337 7 40.9579 8 6 1 1
8 4500 1500 36.5048 36.5097 6 31.4211 4 3 1 1
9 4500 1500 95.107 95.166 3 20.4605 3 3 1 1
10 4500 1500 92.7116 92.7135 5 28.3081 4 3 1 1
1 6000 1500 44.3649 44.3649 4 38.4438 5 3 1 1
2 6000 1500 88.4297 88.4651 4 32.4829 3 2 1 1
3 6000 1500 91.6905 91.6914 6 42.7626 4 4 1 1
4 6000 1500 51.3402 51.3414 5 38.354 4 3 1 1
5 6000 1500 52.5708 52.5782 4 30.2588 3 2 1 1
6 6000 1500 29.9412 29.9414 5 42.3333 5 4 1 1
7 6000 1500 27.7294 27.7331 4 33.8048 3 2 1 1
8 6000 1500 101.584 101.592 4 32.1381 3 2 1 1
9 6000 1500 87.5632 87.5694 7 53.6014 6 6 1 1
10 6000 1500 129.368 129.376 4 34.5893 3 2 1 1
1 2000 2000 48.2412 48.2417 9 26.1502 9 5 1 1
2 2000 2000 89.7895 89.7897 8 24.6248 11 6 1 1
3 2000 2000 66.9464 66.9465 7 21.7573 7 5 1 1
4 2000 2000 154.751 154.752 4 14.6703 5 4 1 1
5 2000 2000 42.2215 42.222 4 13.1205 3 2 1 1
6 2000 2000 46.3091 46.3093 8 22.6557 7 5 1 1
7 2000 2000 78.8972 78.242 6 16.0662 4 3 1 1
8 2000 2000 42.4194 42.42 6 20.7032 7 4 1 1
9 2000 2000 59.5237 59.5241 9 23.124 6 5 1 1
10 2000 2000 204.957 204.958 6 20.8665 10 5 1 1
1 4000 2000 23.1694 23.1699 9 54.7126 7 5 1 1
2 4000 2000 62.0479 62.048 7 47.2688 7 6 1 1
3 4000 2000 127.063 127.065 7 47.9199 9 4 1 1
4 4000 2000 158.018 158.031 4 28.9446 3 2 1 1
5 4000 2000 65.6017 65.6021 8 46.7957 5 4 1 1
6 4000 2000 57.8102 57.8109 6 42.2939 7 5 1 1
7 4000 2000 37.8129 37.8264 4 27.6859 3 2 1 1
8 4000 2000 86.5604 86.5607 5 34.8033 4 4 1 1
9 4000 2000 39.3916 39.3937 5 33.8892 4 3 1 1
10 4000 2000 80.2374 80.2375 4 31.8257 5 4 1 1
1 6000 2000 30.5753 30.5758 3 41.5558 3 2 1 1
2 6000 2000 43.2851 43.2851 4 49.0651 5 3 1 1
3 6000 2000 14.778 14.7784 5 58.0231 4 4 1 1
4 6000 2000 31.5672 31.5673 5 57.8283 5 4 1 1
5 6000 2000 33.358 33.3581 4 49.8938 5 4 1 1
6 6000 2000 36.4797 36.4811 8 77.2435 5 4 1 1
7 6000 2000 73.3432 73.3447 3 40.5404 3 3 1 1
8 6000 2000 17.5045 17.5045 11 98.8784 8 6 1 1
9 6000 2000 67.2113 67.2122 5 54.6831 4 3 1 1
10 6000 2000 47.8304 47.8317 4 47.2019 4 2 1 1
1 8000 2000 93.5283 93.5346 5 77.3418 4 3 1 1
2 8000 2000 64.8832 64.8899 4 61.437 3 2 1 1
3 8000 2000 46.6714 46.6717 4 70.9686 5 5 1 1
4 8000 2000 29.8634 29.8757 4 61.4453 3 2 1 1
5 8000 2000 47.8438 47.8441 9 109.841 6 5 1 1
6 8000 2000 44.8366 44.8367 3 59.5985 5 3 1 1
7 8000 2000 81.6992 81.6999 7 95.0961 6 4 1 1
8 8000 2000 57.5976 58.8981 2 42.687 2 2 1 1
9 8000 2000 27.9373 27.9401 4 63.4184 3 2 1 1
10 8000 2000 21.2133 21.2167 5 79.1708 4 3 1 1
1 2500 2500 124.839 124.849 4 22.7359 3 2 1 1
2 2500 2500 113.027 113.03 5 27.3935 4 4 1 1
3 2500 2500 73.9051 73.9063 9 43.1412 9 7 1 1
4 2500 2500 74.5022 74.537 4 21.89 3 2 1 1
5 2500 2500 73.0773 73.0777 8 45.127 13 6 1 1
6 2500 2500 118.818 118.952 3 20.1781 4 2 1 1
7 2500 2500 97.1511 97.1513 6 29.9359 5 5 1 1
8 2500 2500 91.3464 91.351 6 31.2708 6 5 1 1
9 2500 2500 67.573 67.7097 4 22.8304 3 2 1 1
10 2500 2500 112.277 112.278 10 46.5752 8 8 1 1
1 5000 2500 132.44 132.442 7 74.9712 6 3 1 1
2 5000 2500 57.8489 57.9528 2 37.9063 4 4 1 1
3 5000 2500 19.2707 19.2727 4 55.7249 6 4 1 1
4 5000 2500 44.5729 44.5734 8 76.8295 5 5 1 1
5 5000 2500 44.4806 44.4808 7 68.6819 5 4 1 1
6 5000 2500 84.6327 84.6416 5 57.5243 5 4 1 1
7 5000 2500 66.1958 66.1974 8 74.6786 5 4 1 1
8 5000 2500 131.74 131.754 3 43.7968 4 2 1 1
9 5000 2500 47.5991 47.5992 10 93.9937 6 4 1 1
10 5000 2500 115.785 115.793 4 46.0322 3 2 1 1
1 7500 2500 74.5235 74.5248 7 114.279 5 5 1 1
2 7500 2500 69.2935 69.2944 5 88.0861 4 4 1 1
3 7500 2500 40.2917 40.2924 5 87.4251 4 3 1 1
4 7500 2500 28.2798 28.2798 7 128.866 9 5 1 1
5 7500 2500 40.2054 40.2056 8 125.43 6 5 1 1
6 7500 2500 56.0634 56.0678 5 89.0954 4 3 1 1
7 7500 2500 122.867 124.028 2 49.477 2 2 1 1
8 7500 2500 17.6134 17.6152 7 113.152 6 5 1 1
9 7500 2500 123.094 123.095 7 113.464 6 5 1 1
10 7500 2500 13.4647 14.9696 1 44.9765 3 1 1 1
1 10000 2500 21.5265 21.5266 9 182.799 7 4 1 1
2 10000 2500 43.8672 43.8689 4 101.725 4 3 1 1
3 10000 2500 52.6767 52.6768 10 214.575 9 6 1 1
4 10000 2500 121.64 121.641 6 135.206 6 4 1 1
5 10000 2500 20.3419 21.743 2 65.3002 2 2 1 1
6 10000 2500 35.3976 35.3979 5 117.999 4 4 1 1
7 10000 2500 89.8975 89.8979 4 94.7921 3 2 1 1
8 10000 2500 48.3859 48.386 6 136.308 6 2 1 1
9 10000 2500 92.2882 92.2895 7 151.121 5 5 1 1
10 10000 2500 53.567 53.5675 3 93.0792 3 2 1 1
1 3000 3000 73.542 73.6097 3 32.1374 4 3 1 1
2 3000 3000 104.838 104.838 5 41.1642 4 3 1 1
3 3000 3000 63.5088 63.5464 4 33.0858 3 2 1 1
4 3000 3000 81.2614 81.2615 9 59.3636 6 5 1 1
5 3000 3000 167.547 167.55 3 29.6119 3 2 1 1
6 3000 3000 39.8375 39.8496 4 31.8777 3 2 1 1
7 3000 3000 105.804 105.842 4 32.3237 3 2 1 1
8 3000 3000 30.4822 30.4731 7 45.5074 6 5 1 1
9 3000 3000 20.3996 20.3996 8 61.3501 7 4 1 1
10 3000 3000 173.426 173.431 5 42.0324 4 3 1 1
1 6000 3000 61.8506 61.851 8 118.32 5 4 1 1
2 6000 3000 34.2333 34.2373 5 86.5312 5 3 1 1
3 6000 3000 43.2466 43.2467 6 98.2934 5 4 1 1
4 6000 3000 29.0778 29.1216 4 72.0314 3 2 1 1
5 6000 3000 55.0384 55.0393 4 72.5802 3 2 1 1
6 6000 3000 69.1032 69.1274 4 69.7047 3 3 1 1
7 6000 3000 92.0436 92.044 4 70.8908 3 2 1 1
8 6000 3000 39.8203 39.8236 4 70.5742 3 2 1 1
9 6000 3000 34.5501 34.7485 3 64.2214 4 3 1 1
10 6000 3000 110.959 110.962 3 63.2608 3 2 1 1
1 9000 3000 89.5912 89.5972 7 162.135 5 5 1 1
2 9000 3000 89.4778 89.4999 6 140.063 4 4 1 1
3 9000 3000 28.3171 28.4106 2 86.6717 4 4 1 1
4 9000 3000 30.9403 30.9404 8 181.933 7 6 1 1
5 9000 3000 96.9923 96.9925 9 206.617 7 5 1 1
6 9000 3000 107.665 107.666 5 125.635 4 4 1 1
7 9000 3000 50.6403 50.6407 5 123.756 4 4 1 1
8 9000 3000 119.598 119.599 6 159.564 6 3 1 1
9 9000 3000 152.922 152.922 5 125.817 4 3 1 1
10 9000 3000 36.0346 36.0373 5 127.432 4 3 1 1
1 12000 3000 46.0826 46.0832 3 143.716 5 3 1 1
2 12000 3000 130.407 130.408 6 212.773 6 5 1 1
3 12000 3000 67.7405 67.7482 5 178.707 4 4 1 1
4 12000 3000 95.4173 95.4193 5 177.964 5 4 1 1
5 12000 3000 40.0472 40.0488 6 205.175 6 6 1 1
6 12000 3000 98.0508 98.1992 4 150.73 3 3 1 1
7 12000 3000 61.0794 61.0799 7 221.856 5 4 1 1
8 12000 3000 67.0668 67.0668 10 301.061 8 7 1 1
9 12000 3000 104.37 104.37 6 206.698 6 4 1 1
10 12000 3000 25.453 25.453 10 284.328 6 5 1 1
